id_solicitante,inadimplente
20001,1
20002,1
20003,1
20004,0
20005,0
20006,0
20007,0
20008,1
20009,1
20010,0
20011,1
20012,1
20013,1
20014,0
20015,1
20016,1
20017,0
20018,1
20019,1
20020,0
20021,0
20022,0
20023,1
20024,1
20025,1
20026,1
20027,1
20028,0
20029,1
20030,0
20031,1
20032,0
20033,0
20034,0
20035,0
20036,0
20037,1
20038,0
20039,0
20040,1
20041,0
20042,1
20043,1
20044,0
20045,1
20046,0
20047,1
20048,1
20049,1
20050,1
20051,0
20052,0
20053,0
20054,1
20055,0
20056,0
20057,0
20058,1
20059,0
20060,0
20061,1
20062,0
20063,0
20064,1
20065,1
20066,0
20067,1
20068,0
20069,1
20070,1
20071,1
20072,1
20073,0
20074,0
20075,1
20076,0
20077,1
20078,1
20079,1
20080,0
20081,0
20082,0
20083,1
20084,1
20085,0
20086,1
20087,0
20088,1
20089,0
20090,0
20091,0
20092,0
20093,0
20094,0
20095,1
20096,1
20097,0
20098,0
20099,1
20100,0
20101,0
20102,1
20103,1
20104,1
20105,0
20106,0
20107,1
20108,1
20109,1
20110,1
20111,0
20112,0
20113,1
20114,0
20115,1
20116,0
20117,1
20118,0
20119,0
20120,0
20121,0
20122,0
20123,0
20124,1
20125,0
20126,1
20127,0
20128,1
20129,1
20130,0
20131,0
20132,1
20133,0
20134,1
20135,0
20136,1
20137,0
20138,0
20139,1
20140,1
20141,1
20142,1
20143,0
20144,0
20145,0
20146,1
20147,0
20148,0
20149,1
20150,0
20151,1
20152,1
20153,1
20154,1
20155,1
20156,0
20157,0
20158,1
20159,0
20160,0
20161,1
20162,0
20163,0
20164,1
20165,1
20166,0
20167,0
20168,1
20169,0
20170,0
20171,0
20172,0
20173,1
20174,1
20175,1
20176,1
20177,1
20178,1
20179,1
20180,1
20181,0
20182,1
20183,1
20184,0
20185,1
20186,1
20187,1
20188,1
20189,0
20190,1
20191,0
20192,0
20193,0
20194,0
20195,1
20196,1
20197,1
20198,1
20199,0
20200,1
20201,1
20202,0
20203,0
20204,0
20205,1
20206,0
20207,0
20208,0
20209,0
20210,1
20211,1
20212,1
20213,1
20214,0
20215,0
20216,0
20217,0
20218,0
20219,1
20220,0
20221,0
20222,1
20223,0
20224,1
20225,1
20226,0
20227,1
20228,0
20229,1
20230,1
20231,1
20232,1
20233,1
20234,1
20235,1
20236,1
20237,0
20238,0
20239,1
20240,0
20241,0
20242,0
20243,0
20244,1
20245,0
20246,1
20247,0
20248,1
20249,0
20250,0
20251,1
20252,1
20253,1
20254,1
20255,1
20256,1
20257,1
20258,0
20259,1
20260,1
20261,0
20262,1
20263,1
20264,1
20265,0
20266,1
20267,1
20268,1
20269,0
20270,1
20271,1
20272,0
20273,0
20274,1
20275,0
20276,1
20277,0
20278,1
20279,1
20280,0
20281,1
20282,0
20283,0
20284,1
20285,1
20286,0
20287,1
20288,1
20289,1
20290,1
20291,0
20292,0
20293,1
20294,1
20295,1
20296,0
20297,0
20298,1
20299,0
20300,1
20301,1
20302,1
20303,1
20304,0
20305,0
20306,1
20307,0
20308,0
20309,1
20310,1
20311,1
20312,1
20313,1
20314,0
20315,0
20316,1
20317,0
20318,1
20319,0
20320,0
20321,0
20322,0
20323,1
20324,1
20325,1
20326,1
20327,1
20328,1
20329,1
20330,1
20331,1
20332,1
20333,1
20334,0
20335,1
20336,0
20337,1
20338,0
20339,1
20340,1
20341,1
20342,0
20343,1
20344,1
20345,1
20346,0
20347,1
20348,0
20349,1
20350,0
20351,1
20352,1
20353,0
20354,0
20355,1
20356,1
20357,0
20358,1
20359,1
20360,0
20361,1
20362,1
20363,0
20364,0
20365,0
20366,1
20367,1
20368,0
20369,1
20370,0
20371,0
20372,0
20373,1
20374,1
20375,0
20376,1
20377,0
20378,1
20379,0
20380,0
20381,0
20382,1
20383,1
20384,0
20385,1
20386,1
20387,1
20388,0
20389,0
20390,0
20391,0
20392,1
20393,1
20394,1
20395,1
20396,1
20397,1
20398,1
20399,1
20400,1
20401,1
20402,0
20403,0
20404,1
20405,0
20406,1
20407,1
20408,1
20409,1
20410,0
20411,0
20412,0
20413,0
20414,1
20415,0
20416,0
20417,1
20418,0
20419,1
20420,0
20421,1
20422,1
20423,0
20424,1
20425,1
20426,1
20427,1
20428,1
20429,0
20430,1
20431,0
20432,0
20433,1
20434,0
20435,0
20436,1
20437,1
20438,1
20439,0
20440,1
20441,0
20442,0
20443,0
20444,0
20445,1
20446,0
20447,1
20448,0
20449,0
20450,1
20451,0
20452,0
20453,1
20454,1
20455,1
20456,1
20457,1
20458,1
20459,0
20460,0
20461,0
20462,0
20463,0
20464,1
20465,0
20466,1
20467,1
20468,1
20469,1
20470,0
20471,0
20472,1
20473,0
20474,0
20475,1
20476,0
20477,1
20478,0
20479,1
20480,1
20481,0
20482,0
20483,0
20484,0
20485,1
20486,0
20487,1
20488,0
20489,1
20490,1
20491,1
20492,0
20493,0
20494,0
20495,0
20496,1
20497,1
20498,1
20499,1
20500,1
20501,0
20502,1
20503,0
20504,0
20505,1
20506,1
20507,1
20508,0
20509,0
20510,1
20511,0
20512,1
20513,1
20514,1
20515,0
20516,0
20517,0
20518,0
20519,0
20520,0
20521,1
20522,1
20523,0
20524,0
20525,0
20526,0
20527,1
20528,0
20529,0
20530,1
20531,1
20532,0
20533,0
20534,1
20535,0
20536,1
20537,1
20538,0
20539,0
20540,1
20541,0
20542,0
20543,0
20544,0
20545,0
20546,1
20547,1
20548,0
20549,0
20550,0
20551,1
20552,0
20553,0
20554,1
20555,0
20556,1
20557,0
20558,1
20559,0
20560,1
20561,1
20562,1
20563,0
20564,1
20565,1
20566,0
20567,1
20568,0
20569,0
20570,0
20571,1
20572,0
20573,0
20574,0
20575,0
20576,0
20577,0
20578,0
20579,0
20580,1
20581,0
20582,1
20583,0
20584,0
20585,1
20586,1
20587,0
20588,1
20589,1
20590,1
20591,0
20592,0
20593,1
20594,1
20595,1
20596,1
20597,0
20598,1
20599,1
20600,1
20601,0
20602,0
20603,0
20604,1
20605,1
20606,1
20607,0
20608,0
20609,0
20610,1
20611,1
20612,0
20613,0
20614,0
20615,1
20616,1
20617,1
20618,0
20619,0
20620,0
20621,1
20622,0
20623,0
20624,1
20625,0
20626,1
20627,1
20628,1
20629,0
20630,1
20631,1
20632,1
20633,0
20634,1
20635,0
20636,0
20637,1
20638,0
20639,1
20640,1
20641,0
20642,1
20643,0
20644,0
20645,0
20646,1
20647,0
20648,0
20649,1
20650,1
20651,0
20652,0
20653,0
20654,1
20655,0
20656,1
20657,1
20658,1
20659,0
20660,0
20661,1
20662,1
20663,0
20664,0
20665,0
20666,0
20667,0
20668,1
20669,0
20670,0
20671,0
20672,1
20673,1
20674,1
20675,0
20676,1
20677,0
20678,1
20679,1
20680,1
20681,1
20682,1
20683,0
20684,0
20685,1
20686,1
20687,1
20688,1
20689,0
20690,0
20691,0
20692,1
20693,0
20694,0
20695,1
20696,0
20697,0
20698,0
20699,0
20700,1
20701,1
20702,0
20703,0
20704,0
20705,1
20706,1
20707,0
20708,1
20709,1
20710,0
20711,1
20712,1
20713,0
20714,1
20715,1
20716,0
20717,1
20718,1
20719,1
20720,1
20721,0
20722,1
20723,1
20724,0
20725,1
20726,0
20727,1
20728,0
20729,1
20730,1
20731,0
20732,1
20733,0
20734,0
20735,0
20736,0
20737,0
20738,1
20739,1
20740,1
20741,0
20742,1
20743,0
20744,1
20745,0
20746,0
20747,0
20748,1
20749,0
20750,1
20751,1
20752,1
20753,1
20754,1
20755,1
20756,0
20757,0
20758,0
20759,1
20760,1
20761,1
20762,1
20763,0
20764,1
20765,0
20766,1
20767,1
20768,1
20769,1
20770,1
20771,0
20772,0
20773,1
20774,0
20775,0
20776,1
20777,1
20778,1
20779,1
20780,0
20781,0
20782,0
20783,1
20784,0
20785,1
20786,1
20787,1
20788,0
20789,0
20790,0
20791,1
20792,1
20793,0
20794,0
20795,0
20796,0
20797,0
20798,0
20799,0
20800,1
20801,0
20802,1
20803,1
20804,1
20805,1
20806,0
20807,0
20808,0
20809,1
20810,1
20811,0
20812,1
20813,0
20814,0
20815,0
20816,0
20817,1
20818,0
20819,1
20820,1
20821,0
20822,0
20823,1
20824,1
20825,1
20826,1
20827,1
20828,1
20829,0
20830,0
20831,0
20832,1
20833,0
20834,1
20835,1
20836,0
20837,0
20838,1
20839,1
20840,0
20841,0
20842,1
20843,1
20844,1
20845,0
20846,1
20847,1
20848,1
20849,1
20850,0
20851,1
20852,0
20853,0
20854,0
20855,0
20856,0
20857,0
20858,0
20859,0
20860,0
20861,1
20862,1
20863,1
20864,0
20865,0
20866,1
20867,1
20868,1
20869,0
20870,0
20871,1
20872,1
20873,0
20874,1
20875,1
20876,0
20877,1
20878,0
20879,1
20880,1
20881,0
20882,1
20883,0
20884,1
20885,1
20886,0
20887,0
20888,0
20889,1
20890,0
20891,0
20892,1
20893,1
20894,0
20895,0
20896,1
20897,1
20898,0
20899,0
20900,0
20901,0
20902,1
20903,1
20904,0
20905,0
20906,0
20907,0
20908,0
20909,1
20910,0
20911,0
20912,0
20913,0
20914,0
20915,1
20916,0
20917,0
20918,1
20919,0
20920,1
20921,0
20922,1
20923,1
20924,1
20925,1
20926,1
20927,0
20928,1
20929,0
20930,1
20931,1
20932,1
20933,1
20934,0
20935,1
20936,0
20937,0
20938,0
20939,1
20940,1
20941,1
20942,0
20943,1
20944,0
20945,1
20946,0
20947,1
20948,1
20949,0
20950,0
20951,1
20952,1
20953,1
20954,0
20955,1
20956,0
20957,0
20958,0
20959,1
20960,0
20961,0
20962,1
20963,0
20964,1
20965,1
20966,0
20967,1
20968,0
20969,0
20970,1
20971,0
20972,0
20973,0
20974,0
20975,1
20976,0
20977,0
20978,0
20979,1
20980,1
20981,1
20982,0
20983,0
20984,1
20985,1
20986,1
20987,0
20988,0
20989,1
20990,1
20991,1
20992,0
20993,0
20994,1
20995,0
20996,0
20997,0
20998,0
20999,1
21000,1
21001,1
21002,1
21003,1
21004,0
21005,0
21006,1
21007,1
21008,0
21009,0
21010,1
21011,1
21012,1
21013,0
21014,0
21015,1
21016,0
21017,1
21018,1
21019,1
21020,1
21021,1
21022,0
21023,1
21024,0
21025,1
21026,0
21027,1
21028,0
21029,0
21030,0
21031,0
21032,1
21033,1
21034,0
21035,0
21036,1
21037,1
21038,0
21039,0
21040,0
21041,1
21042,0
21043,0
21044,0
21045,0
21046,1
21047,1
21048,1
21049,0
21050,0
21051,1
21052,0
21053,0
21054,0
21055,1
21056,0
21057,0
21058,1
21059,0
21060,0
21061,1
21062,1
21063,0
21064,0
21065,1
21066,0
21067,1
21068,0
21069,0
21070,1
21071,0
21072,1
21073,0
21074,0
21075,0
21076,0
21077,1
21078,0
21079,0
21080,1
21081,1
21082,1
21083,0
21084,0
21085,0
21086,1
21087,0
21088,0
21089,0
21090,1
21091,0
21092,1
21093,1
21094,1
21095,1
21096,1
21097,0
21098,0
21099,0
21100,1
21101,1
21102,0
21103,1
21104,1
21105,0
21106,0
21107,1
21108,1
21109,1
21110,0
21111,1
21112,1
21113,0
21114,1
21115,1
21116,0
21117,0
21118,0
21119,0
21120,1
21121,0
21122,0
21123,1
21124,0
21125,1
21126,0
21127,0
21128,1
21129,1
21130,1
21131,1
21132,0
21133,1
21134,0
21135,0
21136,1
21137,1
21138,0
21139,1
21140,1
21141,1
21142,0
21143,0
21144,0
21145,0
21146,0
21147,0
21148,1
21149,0
21150,0
21151,0
21152,1
21153,0
21154,1
21155,0
21156,0
21157,0
21158,1
21159,1
21160,0
21161,0
21162,1
21163,0
21164,0
21165,1
21166,1
21167,1
21168,1
21169,0
21170,1
21171,1
21172,0
21173,0
21174,0
21175,1
21176,0
21177,0
21178,0
21179,0
21180,0
21181,0
21182,0
21183,1
21184,1
21185,1
21186,1
21187,1
21188,1
21189,1
21190,1
21191,0
21192,1
21193,1
21194,0
21195,0
21196,1
21197,1
21198,0
21199,0
21200,1
21201,1
21202,0
21203,1
21204,1
21205,1
21206,1
21207,1
21208,0
21209,0
21210,0
21211,1
21212,1
21213,1
21214,0
21215,1
21216,1
21217,0
21218,0
21219,0
21220,0
21221,0
21222,0
21223,1
21224,1
21225,0
21226,0
21227,1
21228,0
21229,0
21230,1
21231,1
21232,0
21233,1
21234,0
21235,1
21236,1
21237,0
21238,0
21239,0
21240,1
21241,1
21242,0
21243,0
21244,1
21245,0
21246,1
21247,1
21248,1
21249,0
21250,1
21251,0
21252,0
21253,1
21254,1
21255,0
21256,0
21257,0
21258,0
21259,1
21260,1
21261,1
21262,1
21263,0
21264,1
21265,1
21266,0
21267,1
21268,1
21269,1
21270,1
21271,0
21272,0
21273,1
21274,0
21275,1
21276,0
21277,1
21278,0
21279,0
21280,1
21281,0
21282,1
21283,0
21284,0
21285,0
21286,0
21287,1
21288,0
21289,0
21290,1
21291,0
21292,1
21293,1
21294,1
21295,0
21296,0
21297,1
21298,1
21299,1
21300,1
21301,0
21302,0
21303,0
21304,0
21305,0
21306,0
21307,0
21308,0
21309,1
21310,0
21311,1
21312,1
21313,0
21314,0
21315,1
21316,0
21317,0
21318,1
21319,0
21320,1
21321,1
21322,0
21323,1
21324,1
21325,1
21326,0
21327,0
21328,1
21329,0
21330,1
21331,0
21332,1
21333,1
21334,0
21335,1
21336,0
21337,0
21338,0
21339,0
21340,1
21341,1
21342,1
21343,1
21344,0
21345,0
21346,1
21347,1
21348,0
21349,1
21350,0
21351,1
21352,0
21353,0
21354,0
21355,1
21356,0
21357,0
21358,1
21359,1
21360,1
21361,0
21362,0
21363,1
21364,1
21365,1
21366,0
21367,0
21368,0
21369,0
21370,0
21371,0
21372,0
21373,0
21374,0
21375,1
21376,0
21377,0
21378,0
21379,0
21380,0
21381,1
21382,0
21383,1
21384,0
21385,0
21386,0
21387,1
21388,0
21389,1
21390,1
21391,0
21392,1
21393,1
21394,1
21395,1
21396,0
21397,0
21398,0
21399,0
21400,0
21401,0
21402,0
21403,1
21404,1
21405,0
21406,0
21407,1
21408,0
21409,0
21410,0
21411,1
21412,0
21413,1
21414,0
21415,0
21416,0
21417,0
21418,1
21419,0
21420,1
21421,0
21422,1
21423,0
21424,0
21425,1
21426,1
21427,1
21428,1
21429,0
21430,1
21431,0
21432,0
21433,1
21434,0
21435,1
21436,0
21437,0
21438,0
21439,0
21440,0
21441,0
21442,1
21443,1
21444,1
21445,0
21446,0
21447,1
21448,1
21449,0
21450,0
21451,0
21452,1
21453,1
21454,1
21455,1
21456,1
21457,1
21458,1
21459,0
21460,0
21461,1
21462,1
21463,1
21464,1
21465,0
21466,1
21467,0
21468,0
21469,0
21470,0
21471,1
21472,0
21473,1
21474,0
21475,1
21476,1
21477,0
21478,1
21479,1
21480,1
21481,0
21482,1
21483,0
21484,1
21485,0
21486,1
21487,1
21488,1
21489,1
21490,0
21491,0
21492,0
21493,0
21494,0
21495,1
21496,0
21497,1
21498,0
21499,0
21500,0
21501,1
21502,1
21503,0
21504,1
21505,1
21506,1
21507,0
21508,0
21509,1
21510,0
21511,0
21512,0
21513,0
21514,1
21515,1
21516,0
21517,1
21518,0
21519,1
21520,1
21521,0
21522,0
21523,0
21524,0
21525,0
21526,1
21527,1
21528,0
21529,0
21530,1
21531,1
21532,0
21533,0
21534,0
21535,0
21536,1
21537,0
21538,0
21539,1
21540,1
21541,0
21542,1
21543,1
21544,1
21545,0
21546,1
21547,0
21548,0
21549,0
21550,0
21551,1
21552,1
21553,1
21554,0
21555,0
21556,1
21557,1
21558,1
21559,0
21560,0
21561,1
21562,1
21563,0
21564,1
21565,0
21566,1
21567,1
21568,1
21569,0
21570,0
21571,0
21572,0
21573,0
21574,0
21575,1
21576,1
21577,0
21578,0
21579,1
21580,0
21581,0
21582,0
21583,1
21584,1
21585,1
21586,1
21587,1
21588,1
21589,1
21590,0
21591,1
21592,1
21593,1
21594,1
21595,1
21596,0
21597,0
21598,1
21599,0
21600,1
21601,0
21602,1
21603,0
21604,1
21605,0
21606,0
21607,0
21608,0
21609,0
21610,0
21611,0
21612,1
21613,0
21614,1
21615,0
21616,0
21617,1
21618,0
21619,0
21620,1
21621,0
21622,0
21623,0
21624,1
21625,0
21626,0
21627,0
21628,1
21629,1
21630,1
21631,1
21632,0
21633,1
21634,0
21635,0
21636,1
21637,0
21638,1
21639,0
21640,0
21641,0
21642,1
21643,1
21644,0
21645,0
21646,0
21647,0
21648,0
21649,0
21650,1
21651,1
21652,0
21653,0
21654,1
21655,1
21656,0
21657,0
21658,0
21659,0
21660,0
21661,0
21662,1
21663,1
21664,1
21665,1
21666,0
21667,0
21668,1
21669,0
21670,0
21671,0
21672,0
21673,0
21674,1
21675,0
21676,0
21677,1
21678,1
21679,1
21680,0
21681,1
21682,0
21683,0
21684,1
21685,1
21686,1
21687,0
21688,0
21689,1
21690,1
21691,1
21692,1
21693,1
21694,1
21695,1
21696,0
21697,1
21698,0
21699,0
21700,0
21701,1
21702,1
21703,0
21704,0
21705,1
21706,0
21707,0
21708,1
21709,0
21710,0
21711,1
21712,1
21713,0
21714,0
21715,1
21716,0
21717,1
21718,1
21719,0
21720,1
21721,0
21722,0
21723,1
21724,1
21725,0
21726,0
21727,0
21728,1
21729,0
21730,0
21731,1
21732,1
21733,1
21734,1
21735,0
21736,0
21737,1
21738,0
21739,0
21740,0
21741,0
21742,1
21743,0
21744,1
21745,1
21746,0
21747,0
21748,1
21749,1
21750,1
21751,0
21752,1
21753,1
21754,0
21755,1
21756,0
21757,0
21758,0
21759,1
21760,1
21761,0
21762,0
21763,0
21764,1
21765,1
21766,0
21767,1
21768,1
21769,0
21770,0
21771,1
21772,0
21773,0
21774,1
21775,0
21776,1
21777,1
21778,0
21779,0
21780,0
21781,0
21782,0
21783,1
21784,1
21785,0
21786,1
21787,1
21788,1
21789,1
21790,1
21791,0
21792,1
21793,0
21794,1
21795,0
21796,0
21797,1
21798,0
21799,0
21800,0
21801,0
21802,0
21803,0
21804,1
21805,1
21806,0
21807,1
21808,0
21809,0
21810,1
21811,1
21812,1
21813,0
21814,1
21815,1
21816,1
21817,1
21818,0
21819,0
21820,1
21821,1
21822,1
21823,1
21824,0
21825,0
21826,0
21827,0
21828,0
21829,1
21830,1
21831,0
21832,0
21833,1
21834,1
21835,0
21836,0
21837,0
21838,0
21839,0
21840,0
21841,1
21842,0
21843,1
21844,1
21845,0
21846,0
21847,0
21848,1
21849,0
21850,1
21851,0
21852,1
21853,0
21854,1
21855,0
21856,1
21857,0
21858,1
21859,0
21860,0
21861,0
21862,0
21863,0
21864,0
21865,1
21866,0
21867,1
21868,1
21869,1
21870,1
21871,1
21872,0
21873,0
21874,0
21875,0
21876,1
21877,1
21878,1
21879,0
21880,0
21881,0
21882,0
21883,0
21884,1
21885,1
21886,1
21887,0
21888,0
21889,0
21890,0
21891,1
21892,1
21893,0
21894,1
21895,0
21896,1
21897,1
21898,0
21899,0
21900,0
21901,0
21902,1
21903,0
21904,0
21905,0
21906,1
21907,0
21908,1
21909,1
21910,1
21911,0
21912,0
21913,1
21914,0
21915,0
21916,1
21917,0
21918,0
21919,0
21920,1
21921,1
21922,0
21923,0
21924,1
21925,1
21926,0
21927,0
21928,0
21929,1
21930,0
21931,1
21932,0
21933,1
21934,0
21935,0
21936,1
21937,1
21938,0
21939,1
21940,0
21941,1
21942,1
21943,1
21944,0
21945,1
21946,1
21947,1
21948,1
21949,1
21950,0
21951,0
21952,0
21953,0
21954,0
21955,1
21956,1
21957,0
21958,0
21959,0
21960,1
21961,1
21962,0
21963,0
21964,0
21965,0
21966,1
21967,1
21968,0
21969,1
21970,1
21971,1
21972,1
21973,0
21974,1
21975,0
21976,1
21977,0
21978,0
21979,1
21980,1
21981,1
21982,0
21983,1
21984,0
21985,0
21986,1
21987,1
21988,0
21989,0
21990,0
21991,0
21992,0
21993,1
21994,0
21995,1
21996,0
21997,0
21998,0
21999,1
22000,1
22001,0
22002,1
22003,1
22004,0
22005,0
22006,0
22007,1
22008,0
22009,1
22010,0
22011,1
22012,1
22013,0
22014,1
22015,1
22016,1
22017,1
22018,1
22019,1
22020,0
22021,1
22022,0
22023,0
22024,0
22025,0
22026,1
22027,1
22028,0
22029,1
22030,1
22031,1
22032,1
22033,1
22034,0
22035,1
22036,0
22037,1
22038,0
22039,1
22040,0
22041,1
22042,0
22043,0
22044,0
22045,1
22046,1
22047,1
22048,0
22049,0
22050,0
22051,1
22052,1
22053,0
22054,0
22055,0
22056,1
22057,0
22058,1
22059,1
22060,0
22061,0
22062,1
22063,1
22064,1
22065,1
22066,1
22067,0
22068,1
22069,1
22070,1
22071,0
22072,0
22073,0
22074,1
22075,0
22076,1
22077,0
22078,0
22079,0
22080,1
22081,0
22082,0
22083,0
22084,1
22085,0
22086,1
22087,1
22088,1
22089,0
22090,0
22091,0
22092,1
22093,1
22094,1
22095,1
22096,1
22097,1
22098,1
22099,1
22100,0
22101,1
22102,1
22103,0
22104,0
22105,0
22106,0
22107,1
22108,1
22109,0
22110,1
22111,0
22112,1
22113,0
22114,0
22115,0
22116,0
22117,1
22118,0
22119,0
22120,0
22121,0
22122,0
22123,1
22124,1
22125,1
22126,1
22127,0
22128,1
22129,0
22130,0
22131,0
22132,1
22133,0
22134,1
22135,1
22136,0
22137,1
22138,1
22139,1
22140,0
22141,1
22142,1
22143,1
22144,0
22145,1
22146,1
22147,1
22148,0
22149,1
22150,1
22151,0
22152,0
22153,0
22154,1
22155,1
22156,1
22157,1
22158,0
22159,1
22160,0
22161,0
22162,1
22163,1
22164,1
22165,1
22166,0
22167,0
22168,1
22169,1
22170,0
22171,1
22172,0
22173,0
22174,1
22175,1
22176,0
22177,1
22178,0
22179,0
22180,0
22181,1
22182,0
22183,0
22184,1
22185,0
22186,0
22187,1
22188,0
22189,1
22190,1
22191,1
22192,1
22193,0
22194,0
22195,0
22196,0
22197,1
22198,1
22199,1
22200,1
22201,0
22202,0
22203,0
22204,1
22205,1
22206,1
22207,1
22208,1
22209,1
22210,1
22211,0
22212,0
22213,0
22214,0
22215,1
22216,0
22217,1
22218,0
22219,1
22220,0
22221,0
22222,0
22223,1
22224,0
22225,0
22226,0
22227,0
22228,0
22229,0
22230,0
22231,0
22232,0
22233,1
22234,0
22235,1
22236,0
22237,1
22238,1
22239,0
22240,0
22241,1
22242,1
22243,1
22244,0
22245,1
22246,0
22247,1
22248,0
22249,1
22250,1
22251,0
22252,1
22253,0
22254,0
22255,1
22256,0
22257,0
22258,0
22259,0
22260,0
22261,1
22262,1
22263,1
22264,1
22265,1
22266,0
22267,1
22268,1
22269,0
22270,0
22271,0
22272,1
22273,0
22274,0
22275,1
22276,1
22277,1
22278,0
22279,1
22280,1
22281,0
22282,0
22283,1
22284,0
22285,1
22286,1
22287,0
22288,1
22289,1
22290,1
22291,1
22292,1
22293,1
22294,0
22295,1
22296,0
22297,1
22298,1
22299,0
22300,1
22301,0
22302,0
22303,1
22304,1
22305,1
22306,1
22307,0
22308,1
22309,0
22310,0
22311,1
22312,0
22313,1
22314,1
22315,1
22316,1
22317,1
22318,0
22319,1
22320,0
22321,1
22322,0
22323,0
22324,1
22325,0
22326,1
22327,1
22328,0
22329,1
22330,0
22331,0
22332,0
22333,0
22334,1
22335,0
22336,0
22337,0
22338,0
22339,0
22340,0
22341,0
22342,1
22343,0
22344,0
22345,1
22346,0
22347,0
22348,0
22349,1
22350,0
22351,1
22352,0
22353,0
22354,0
22355,1
22356,0
22357,1
22358,0
22359,0
22360,1
22361,0
22362,0
22363,1
22364,1
22365,1
22366,0
22367,1
22368,0
22369,1
22370,0
22371,0
22372,1
22373,1
22374,1
22375,1
22376,1
22377,0
22378,1
22379,1
22380,0
22381,1
22382,0
22383,1
22384,1
22385,1
22386,1
22387,1
22388,1
22389,1
22390,1
22391,1
22392,0
22393,1
22394,0
22395,1
22396,1
22397,1
22398,0
22399,0
22400,0
22401,0
22402,0
22403,1
22404,1
22405,1
22406,0
22407,1
22408,0
22409,1
22410,1
22411,1
22412,1
22413,1
22414,1
22415,1
22416,1
22417,0
22418,0
22419,1
22420,0
22421,0
22422,0
22423,0
22424,0
22425,1
22426,1
22427,1
22428,1
22429,0
22430,1
22431,0
22432,0
22433,0
22434,0
22435,0
22436,1
22437,1
22438,0
22439,1
22440,0
22441,0
22442,1
22443,1
22444,0
22445,1
22446,1
22447,0
22448,1
22449,1
22450,0
22451,0
22452,1
22453,1
22454,1
22455,0
22456,0
22457,0
22458,1
22459,0
22460,0
22461,1
22462,0
22463,1
22464,1
22465,0
22466,0
22467,1
22468,1
22469,1
22470,1
22471,1
22472,1
22473,0
22474,0
22475,0
22476,1
22477,0
22478,1
22479,0
22480,0
22481,0
22482,1
22483,0
22484,1
22485,1
22486,1
22487,1
22488,0
22489,0
22490,1
22491,0
22492,1
22493,1
22494,1
22495,1
22496,0
22497,1
22498,0
22499,0
22500,1
22501,1
22502,1
22503,0
22504,1
22505,1
22506,1
22507,1
22508,1
22509,0
22510,1
22511,0
22512,1
22513,0
22514,1
22515,1
22516,0
22517,0
22518,1
22519,0
22520,0
22521,1
22522,0
22523,0
22524,1
22525,0
22526,0
22527,0
22528,0
22529,1
22530,0
22531,1
22532,1
22533,1
22534,1
22535,1
22536,1
22537,0
22538,1
22539,0
22540,1
22541,1
22542,0
22543,0
22544,0
22545,0
22546,1
22547,1
22548,1
22549,0
22550,1
22551,1
22552,1
22553,1
22554,1
22555,0
22556,0
22557,0
22558,0
22559,0
22560,1
22561,0
22562,1
22563,1
22564,0
22565,0
22566,0
22567,1
22568,0
22569,1
22570,0
22571,0
22572,1
22573,0
22574,0
22575,0
22576,0
22577,0
22578,1
22579,1
22580,1
22581,0
22582,1
22583,0
22584,0
22585,0
22586,0
22587,0
22588,1
22589,1
22590,1
22591,0
22592,1
22593,1
22594,1
22595,1
22596,1
22597,1
22598,1
22599,0
22600,0
22601,0
22602,0
22603,1
22604,1
22605,1
22606,0
22607,0
22608,0
22609,0
22610,0
22611,1
22612,1
22613,1
22614,1
22615,0
22616,1
22617,1
22618,0
22619,0
22620,0
22621,1
22622,0
22623,1
22624,1
22625,0
22626,1
22627,1
22628,1
22629,1
22630,0
22631,1
22632,1
22633,1
22634,0
22635,0
22636,0
22637,1
22638,0
22639,0
22640,0
22641,0
22642,0
22643,0
22644,1
22645,0
22646,1
22647,1
22648,0
22649,1
22650,1
22651,1
22652,1
22653,1
22654,1
22655,0
22656,0
22657,1
22658,1
22659,1
22660,1
22661,0
22662,0
22663,1
22664,0
22665,1
22666,1
22667,0
22668,1
22669,0
22670,0
22671,0
22672,1
22673,0
22674,0
22675,0
22676,1
22677,1
22678,1
22679,1
22680,0
22681,1
22682,1
22683,1
22684,0
22685,1
22686,0
22687,0
22688,1
22689,1
22690,1
22691,0
22692,1
22693,0
22694,0
22695,1
22696,1
22697,1
22698,0
22699,1
22700,0
22701,0
22702,0
22703,0
22704,1
22705,1
22706,1
22707,0
22708,1
22709,0
22710,0
22711,1
22712,1
22713,0
22714,0
22715,1
22716,0
22717,1
22718,0
22719,1
22720,1
22721,0
22722,0
22723,1
22724,0
22725,1
22726,1
22727,0
22728,1
22729,1
22730,1
22731,1
22732,0
22733,0
22734,0
22735,1
22736,1
22737,1
22738,0
22739,0
22740,0
22741,0
22742,1
22743,0
22744,1
22745,0
22746,1
22747,0
22748,1
22749,0
22750,1
22751,0
22752,0
22753,1
22754,1
22755,0
22756,1
22757,1
22758,1
22759,0
22760,0
22761,0
22762,1
22763,0
22764,0
22765,0
22766,1
22767,1
22768,0
22769,1
22770,1
22771,0
22772,0
22773,0
22774,1
22775,1
22776,0
22777,0
22778,0
22779,1
22780,0
22781,0
22782,1
22783,0
22784,0
22785,0
22786,1
22787,1
22788,0
22789,1
22790,0
22791,0
22792,1
22793,0
22794,0
22795,0
22796,1
22797,1
22798,1
22799,0
22800,1
22801,0
22802,0
22803,0
22804,0
22805,1
22806,1
22807,1
22808,1
22809,0
22810,1
22811,0
22812,1
22813,0
22814,0
22815,0
22816,0
22817,0
22818,1
22819,0
22820,1
22821,1
22822,1
22823,1
22824,0
22825,0
22826,0
22827,1
22828,1
22829,1
22830,0
22831,1
22832,1
22833,1
22834,0
22835,1
22836,0
22837,0
22838,1
22839,1
22840,1
22841,0
22842,0
22843,0
22844,1
22845,0
22846,1
22847,0
22848,0
22849,0
22850,1
22851,0
22852,0
22853,0
22854,1
22855,1
22856,0
22857,1
22858,1
22859,1
22860,1
22861,1
22862,1
22863,1
22864,0
22865,0
22866,1
22867,1
22868,1
22869,0
22870,0
22871,1
22872,0
22873,1
22874,0
22875,0
22876,0
22877,0
22878,1
22879,0
22880,0
22881,0
22882,0
22883,0
22884,0
22885,0
22886,1
22887,1
22888,1
22889,0
22890,0
22891,0
22892,1
22893,1
22894,0
22895,0
22896,0
22897,0
22898,1
22899,0
22900,1
22901,0
22902,1
22903,1
22904,1
22905,1
22906,1
22907,0
22908,1
22909,0
22910,1
22911,0
22912,1
22913,0
22914,0
22915,1
22916,1
22917,0
22918,0
22919,0
22920,0
22921,0
22922,0
22923,0
22924,0
22925,0
22926,1
22927,1
22928,1
22929,0
22930,1
22931,1
22932,0
22933,1
22934,1
22935,0
22936,0
22937,1
22938,1
22939,0
22940,1
22941,0
22942,1
22943,0
22944,0
22945,0
22946,0
22947,1
22948,0
22949,1
22950,1
22951,0
22952,0
22953,0
22954,1
22955,0
22956,1
22957,1
22958,1
22959,0
22960,0
22961,0
22962,1
22963,0
22964,1
22965,1
22966,0
22967,1
22968,0
22969,0
22970,1
22971,1
22972,0
22973,0
22974,0
22975,0
22976,0
22977,1
22978,1
22979,1
22980,1
22981,0
22982,0
22983,0
22984,0
22985,0
22986,0
22987,0
22988,1
22989,1
22990,1
22991,0
22992,1
22993,0
22994,1
22995,1
22996,1
22997,0
22998,0
22999,1
23000,0
23001,1
23002,1
23003,0
23004,0
23005,0
23006,0
23007,1
23008,0
23009,1
23010,0
23011,0
23012,0
23013,0
23014,0
23015,1
23016,0
23017,0
23018,1
23019,1
23020,0
23021,0
23022,0
23023,1
23024,1
23025,1
23026,0
23027,0
23028,0
23029,1
23030,1
23031,0
23032,0
23033,1
23034,1
23035,0
23036,0
23037,1
23038,0
23039,0
23040,0
23041,0
23042,1
23043,1
23044,0
23045,1
23046,0
23047,0
23048,1
23049,1
23050,1
23051,1
23052,1
23053,0
23054,1
23055,0
23056,1
23057,0
23058,1
23059,1
23060,0
23061,0
23062,0
23063,1
23064,1
23065,0
23066,1
23067,0
23068,0
23069,0
23070,0
23071,1
23072,1
23073,0
23074,0
23075,0
23076,1
23077,0
23078,1
23079,0
23080,0
23081,1
23082,0
23083,1
23084,1
23085,1
23086,0
23087,1
23088,0
23089,0
23090,0
23091,1
23092,0
23093,0
23094,0
23095,0
23096,1
23097,1
23098,1
23099,0
23100,0
23101,0
23102,1
23103,1
23104,1
23105,1
23106,0
23107,1
23108,1
23109,1
23110,1
23111,0
23112,1
23113,1
23114,0
23115,1
23116,0
23117,1
23118,1
23119,1
23120,0
23121,1
23122,0
23123,0
23124,1
23125,0
23126,1
23127,0
23128,0
23129,0
23130,0
23131,0
23132,0
23133,0
23134,1
23135,0
23136,0
23137,1
23138,0
23139,1
23140,1
23141,1
23142,0
23143,0
23144,1
23145,1
23146,1
23147,0
23148,0
23149,0
23150,1
23151,1
23152,0
23153,0
23154,0
23155,0
23156,1
23157,0
23158,0
23159,0
23160,0
23161,0
23162,0
23163,0
23164,0
23165,1
23166,1
23167,0
23168,1
23169,1
23170,1
23171,1
23172,0
23173,0
23174,1
23175,1
23176,0
23177,1
23178,0
23179,0
23180,0
23181,0
23182,0
23183,1
23184,0
23185,0
23186,0
23187,1
23188,1
23189,1
23190,1
23191,0
23192,0
23193,0
23194,1
23195,1
23196,1
23197,1
23198,0
23199,0
23200,0
23201,0
23202,1
23203,0
23204,1
23205,0
23206,0
23207,0
23208,1
23209,0
23210,0
23211,0
23212,0
23213,1
23214,1
23215,0
23216,0
23217,1
23218,1
23219,0
23220,1
23221,0
23222,0
23223,0
23224,1
23225,1
23226,0
23227,1
23228,0
23229,0
23230,1
23231,0
23232,1
23233,1
23234,1
23235,0
23236,1
23237,1
23238,1
23239,1
23240,0
23241,0
23242,0
23243,0
23244,1
23245,0
23246,1
23247,1
23248,1
23249,1
23250,1
23251,0
23252,1
23253,1
23254,1
23255,1
23256,1
23257,0
23258,1
23259,1
23260,1
23261,1
23262,1
23263,1
23264,0
23265,1
23266,1
23267,0
23268,0
23269,1
23270,1
23271,1
23272,1
23273,1
23274,0
23275,1
23276,1
23277,0
23278,0
23279,0
23280,0
23281,0
23282,1
23283,0
23284,1
23285,1
23286,1
23287,1
23288,0
23289,1
23290,0
23291,0
23292,1
23293,1
23294,0
23295,1
23296,0
23297,1
23298,0
23299,1
23300,0
23301,0
23302,1
23303,0
23304,0
23305,0
23306,0
23307,1
23308,1
23309,1
23310,0
23311,0
23312,0
23313,1
23314,0
23315,0
23316,0
23317,0
23318,1
23319,0
23320,1
23321,0
23322,0
23323,0
23324,1
23325,1
23326,1
23327,1
23328,0
23329,1
23330,0
23331,0
23332,1
23333,1
23334,1
23335,1
23336,1
23337,0
23338,0
23339,1
23340,0
23341,1
23342,1
23343,0
23344,0
23345,0
23346,1
23347,1
23348,1
23349,0
23350,0
23351,1
23352,0
23353,0
23354,0
23355,1
23356,0
23357,0
23358,1
23359,1
23360,0
23361,0
23362,0
23363,1
23364,1
23365,0
23366,1
23367,0
23368,0
23369,0
23370,1
23371,1
23372,0
23373,0
23374,0
23375,0
23376,0
23377,0
23378,0
23379,1
23380,1
23381,1
23382,1
23383,1
23384,1
23385,0
23386,1
23387,1
23388,0
23389,1
23390,0
23391,1
23392,0
23393,1
23394,0
23395,1
23396,1
23397,0
23398,0
23399,1
23400,0
23401,0
23402,0
23403,0
23404,1
23405,0
23406,0
23407,0
23408,1
23409,0
23410,1
23411,1
23412,1
23413,1
23414,1
23415,0
23416,0
23417,0
23418,0
23419,1
23420,0
23421,0
23422,0
23423,0
23424,0
23425,0
23426,1
23427,1
23428,1
23429,0
23430,0
23431,1
23432,0
23433,1
23434,0
23435,1
23436,0
23437,0
23438,0
23439,1
23440,1
23441,1
23442,1
23443,1
23444,0
23445,1
23446,0
23447,0
23448,0
23449,0
23450,1
23451,1
23452,0
23453,1
23454,1
23455,0
23456,1
23457,1
23458,1
23459,1
23460,0
23461,1
23462,1
23463,1
23464,0
23465,1
23466,0
23467,0
23468,0
23469,1
23470,0
23471,0
23472,0
23473,1
23474,0
23475,0
23476,0
23477,0
23478,1
23479,0
23480,1
23481,0
23482,0
23483,0
23484,1
23485,1
23486,0
23487,0
23488,0
23489,1
23490,0
23491,1
23492,1
23493,1
23494,1
23495,0
23496,0
23497,1
23498,1
23499,1
23500,0
23501,1
23502,1
23503,1
23504,0
23505,0
23506,1
23507,1
23508,0
23509,1
23510,0
23511,1
23512,0
23513,1
23514,0
23515,1
23516,1
23517,1
23518,0
23519,0
23520,0
23521,1
23522,0
23523,0
23524,0
23525,0
23526,1
23527,1
23528,1
23529,1
23530,1
23531,1
23532,0
23533,1
23534,1
23535,1
23536,1
23537,1
23538,1
23539,0
23540,0
23541,1
23542,1
23543,1
23544,1
23545,0
23546,1
23547,1
23548,0
23549,1
23550,1
23551,0
23552,1
23553,0
23554,1
23555,1
23556,0
23557,0
23558,1
23559,1
23560,0
23561,1
23562,0
23563,0
23564,0
23565,0
23566,1
23567,0
23568,0
23569,1
23570,0
23571,0
23572,1
23573,0
23574,0
23575,0
23576,0
23577,0
23578,1
23579,0
23580,0
23581,1
23582,0
23583,1
23584,1
23585,1
23586,0
23587,0
23588,0
23589,0
23590,0
23591,0
23592,1
23593,1
23594,0
23595,1
23596,0
23597,1
23598,1
23599,1
23600,0
23601,0
23602,1
23603,1
23604,1
23605,0
23606,1
23607,1
23608,0
23609,1
23610,0
23611,0
23612,0
23613,1
23614,1
23615,1
23616,1
23617,0
23618,1
23619,1
23620,1
23621,1
23622,1
23623,1
23624,1
23625,0
23626,0
23627,0
23628,0
23629,0
23630,1
23631,1
23632,1
23633,0
23634,1
23635,1
23636,0
23637,0
23638,1
23639,0
23640,0
23641,1
23642,1
23643,1
23644,1
23645,1
23646,0
23647,0
23648,1
23649,0
23650,0
23651,0
23652,1
23653,0
23654,1
23655,0
23656,0
23657,0
23658,1
23659,1
23660,0
23661,0
23662,0
23663,0
23664,1
23665,0
23666,0
23667,0
23668,0
23669,1
23670,1
23671,0
23672,1
23673,0
23674,0
23675,0
23676,1
23677,1
23678,0
23679,0
23680,1
23681,1
23682,0
23683,1
23684,1
23685,1
23686,1
23687,1
23688,1
23689,1
23690,0
23691,0
23692,1
23693,1
23694,1
23695,1
23696,1
23697,0
23698,1
23699,1
23700,1
23701,1
23702,1
23703,1
23704,1
23705,1
23706,0
23707,0
23708,0
23709,0
23710,1
23711,0
23712,0
23713,1
23714,1
23715,1
23716,1
23717,1
23718,0
23719,0
23720,0
23721,1
23722,1
23723,1
23724,1
23725,1
23726,1
23727,0
23728,0
23729,1
23730,0
23731,1
23732,0
23733,0
23734,1
23735,1
23736,1
23737,0
23738,0
23739,1
23740,1
23741,1
23742,0
23743,0
23744,1
23745,1
23746,1
23747,1
23748,1
23749,0
23750,1
23751,0
23752,1
23753,1
23754,1
23755,0
23756,0
23757,0
23758,1
23759,0
23760,0
23761,0
23762,1
23763,0
23764,0
23765,1
23766,1
23767,0
23768,0
23769,1
23770,0
23771,0
23772,0
23773,0
23774,1
23775,0
23776,1
23777,0
23778,0
23779,0
23780,1
23781,1
23782,1
23783,0
23784,0
23785,0
23786,0
23787,0
23788,1
23789,1
23790,1
23791,0
23792,1
23793,0
23794,0
23795,0
23796,1
23797,1
23798,1
23799,0
23800,0
23801,0
23802,0
23803,1
23804,0
23805,1
23806,1
23807,0
23808,1
23809,0
23810,1
23811,1
23812,0
23813,0
23814,1
23815,0
23816,1
23817,0
23818,1
23819,0
23820,1
23821,1
23822,0
23823,1
23824,1
23825,1
23826,1
23827,1
23828,0
23829,0
23830,0
23831,0
23832,1
23833,0
23834,1
23835,1
23836,0
23837,1
23838,0
23839,0
23840,0
23841,0
23842,1
23843,0
23844,1
23845,0
23846,0
23847,0
23848,0
23849,1
23850,0
23851,1
23852,1
23853,1
23854,0
23855,1
23856,1
23857,1
23858,1
23859,1
23860,0
23861,1
23862,1
23863,1
23864,1
23865,0
23866,0
23867,0
23868,1
23869,0
23870,0
23871,0
23872,0
23873,1
23874,0
23875,1
23876,1
23877,0
23878,0
23879,1
23880,1
23881,0
23882,0
23883,1
23884,0
23885,1
23886,0
23887,1
23888,1
23889,1
23890,1
23891,0
23892,0
23893,1
23894,0
23895,0
23896,0
23897,1
23898,1
23899,1
23900,1
23901,0
23902,1
23903,0
23904,0
23905,0
23906,1
23907,0
23908,0
23909,0
23910,1
23911,1
23912,1
23913,1
23914,1
23915,1
23916,1
23917,0
23918,0
23919,0
23920,1
23921,0
23922,1
23923,1
23924,0
23925,0
23926,0
23927,1
23928,0
23929,1
23930,0
23931,0
23932,1
23933,0
23934,1
23935,0
23936,1
23937,1
23938,1
23939,1
23940,1
23941,0
23942,0
23943,1
23944,1
23945,1
23946,0
23947,0
23948,1
23949,0
23950,0
23951,1
23952,0
23953,0
23954,0
23955,0
23956,0
23957,1
23958,1
23959,0
23960,0
23961,0
23962,0
23963,0
23964,1
23965,0
23966,1
23967,0
23968,1
23969,0
23970,1
23971,1
23972,0
23973,1
23974,1
23975,1
23976,0
23977,1
23978,1
23979,0
23980,1
23981,1
23982,0
23983,0
23984,0
23985,0
23986,0
23987,1
23988,0
23989,1
23990,0
23991,0
23992,0
23993,0
23994,0
23995,0
23996,0
23997,0
23998,0
23999,0
24000,1
24001,0
24002,1
24003,0
24004,0
24005,0
24006,0
24007,0
24008,0
24009,1
24010,0
24011,0
24012,0
24013,0
24014,1
24015,0
24016,0
24017,0
24018,1
24019,0
24020,0
24021,1
24022,0
24023,1
24024,1
24025,1
24026,1
24027,1
24028,1
24029,0
24030,0
24031,0
24032,0
24033,0
24034,1
24035,1
24036,1
24037,1
24038,1
24039,1
24040,0
24041,0
24042,0
24043,0
24044,0
24045,1
24046,0
24047,1
24048,0
24049,0
24050,0
24051,1
24052,1
24053,1
24054,1
24055,0
24056,0
24057,1
24058,1
24059,0
24060,0
24061,0
24062,1
24063,0
24064,0
24065,0
24066,1
24067,0
24068,0
24069,0
24070,0
24071,1
24072,1
24073,0
24074,0
24075,0
24076,0
24077,1
24078,1
24079,1
24080,1
24081,1
24082,0
24083,0
24084,0
24085,1
24086,1
24087,0
24088,0
24089,1
24090,1
24091,0
24092,1
24093,0
24094,0
24095,1
24096,0
24097,1
24098,0
24099,0
24100,0
24101,0
24102,0
24103,0
24104,1
24105,0
24106,1
24107,0
24108,1
24109,0
24110,0
24111,0
24112,1
24113,1
24114,0
24115,1
24116,1
24117,0
24118,0
24119,1
24120,0
24121,1
24122,0
24123,0
24124,0
24125,1
24126,0
24127,0
24128,0
24129,1
24130,0
24131,1
24132,0
24133,1
24134,1
24135,1
24136,0
24137,1
24138,1
24139,1
24140,0
24141,0
24142,1
24143,0
24144,1
24145,1
24146,0
24147,0
24148,1
24149,0
24150,0
24151,0
24152,0
24153,1
24154,0
24155,0
24156,1
24157,0
24158,1
24159,1
24160,0
24161,0
24162,1
24163,1
24164,1
24165,0
24166,1
24167,0
24168,0
24169,0
24170,1
24171,1
24172,1
24173,1
24174,0
24175,1
24176,0
24177,1
24178,1
24179,1
24180,0
24181,0
24182,1
24183,0
24184,0
24185,0
24186,0
24187,0
24188,0
24189,0
24190,0
24191,1
24192,1
24193,0
24194,0
24195,0
24196,0
24197,0
24198,0
24199,0
24200,1
24201,1
24202,1
24203,0
24204,1
24205,1
24206,0
24207,1
24208,0
24209,0
24210,0
24211,1
24212,1
24213,0
24214,0
24215,0
24216,0
24217,1
24218,1
24219,0
24220,0
24221,1
24222,1
24223,0
24224,1
24225,0
24226,1
24227,0
24228,0
24229,1
24230,0
24231,0
24232,1
24233,1
24234,0
24235,0
24236,1
24237,0
24238,0
24239,0
24240,0
24241,1
24242,1
24243,1
24244,1
24245,0
24246,1
24247,0
24248,0
24249,1
24250,1
24251,1
24252,0
24253,0
24254,1
24255,0
24256,1
24257,1
24258,1
24259,1
24260,1
24261,0
24262,1
24263,0
24264,0
24265,0
24266,1
24267,0
24268,0
24269,0
24270,0
24271,0
24272,0
24273,1
24274,1
24275,0
24276,1
24277,0
24278,0
24279,1
24280,0
24281,1
24282,0
24283,0
24284,1
24285,1
24286,1
24287,0
24288,1
24289,0
24290,0
24291,1
24292,0
24293,0
24294,0
24295,0
24296,1
24297,0
24298,1
24299,0
24300,0
24301,1
24302,1
24303,1
24304,1
24305,1
24306,1
24307,0
24308,1
24309,1
24310,1
24311,1
24312,0
24313,1
24314,0
24315,0
24316,0
24317,1
24318,1
24319,0
24320,1
24321,0
24322,0
24323,0
24324,0
24325,0
24326,1
24327,0
24328,1
24329,1
24330,1
24331,1
24332,1
24333,1
24334,1
24335,0
24336,1
24337,1
24338,0
24339,1
24340,0
24341,0
24342,1
24343,0
24344,1
24345,1
24346,1
24347,0
24348,1
24349,1
24350,0
24351,0
24352,1
24353,1
24354,1
24355,1
24356,0
24357,0
24358,0
24359,0
24360,1
24361,1
24362,0
24363,0
24364,0
24365,0
24366,1
24367,0
24368,0
24369,0
24370,1
24371,0
24372,0
24373,1
24374,0
24375,0
24376,1
24377,0
24378,1
24379,0
24380,1
24381,1
24382,0
24383,1
24384,1
24385,1
24386,1
24387,0
24388,0
24389,1
24390,0
24391,1
24392,1
24393,0
24394,0
24395,0
24396,1
24397,0
24398,0
24399,0
24400,0
24401,0
24402,1
24403,0
24404,0
24405,0
24406,0
24407,0
24408,0
24409,0
24410,0
24411,0
24412,0
24413,0
24414,1
24415,1
24416,1
24417,0
24418,0
24419,1
24420,0
24421,1
24422,1
24423,0
24424,1
24425,0
24426,1
24427,0
24428,0
24429,1
24430,0
24431,0
24432,1
24433,0
24434,1
24435,0
24436,0
24437,1
24438,1
24439,0
24440,1
24441,0
24442,0
24443,0
24444,0
24445,1
24446,0
24447,0
24448,1
24449,1
24450,0
24451,0
24452,1
24453,0
24454,0
24455,0
24456,0
24457,1
24458,1
24459,0
24460,0
24461,1
24462,1
24463,1
24464,0
24465,0
24466,0
24467,1
24468,0
24469,0
24470,0
24471,1
24472,0
24473,0
24474,0
24475,0
24476,0
24477,1
24478,0
24479,1
24480,0
24481,0
24482,0
24483,0
24484,0
24485,0
24486,0
24487,0
24488,0
24489,0
24490,1
24491,0
24492,1
24493,0
24494,0
24495,0
24496,1
24497,0
24498,0
24499,0
24500,1
24501,1
24502,0
24503,1
24504,0
24505,1
24506,0
24507,1
24508,0
24509,0
24510,1
24511,1
24512,0
24513,0
24514,0
24515,0
24516,0
24517,0
24518,1
24519,0
24520,0
24521,1
24522,1
24523,0
24524,1
24525,0
24526,0
24527,1
24528,1
24529,0
24530,1
24531,0
24532,1
24533,0
24534,0
24535,1
24536,1
24537,1
24538,0
24539,0
24540,0
24541,1
24542,0
24543,1
24544,0
24545,1
24546,0
24547,0
24548,0
24549,0
24550,0
24551,1
24552,1
24553,1
24554,0
24555,0
24556,0
24557,0
24558,0
24559,0
24560,1
24561,1
24562,0
24563,1
24564,0
24565,0
24566,1
24567,0
24568,1
24569,0
24570,0
24571,1
24572,1
24573,1
24574,0
24575,1
24576,0
24577,0
24578,0
24579,1
24580,1
24581,1
24582,0
24583,1
24584,1
24585,1
24586,0
24587,0
24588,0
24589,1
24590,1
24591,1
24592,0
24593,0
24594,1
24595,0
24596,1
24597,0
24598,0
24599,1
24600,1
24601,0
24602,1
24603,0
24604,1
24605,1
24606,0
24607,0
24608,0
24609,1
24610,1
24611,1
24612,0
24613,1
24614,0
24615,1
24616,0
24617,1
24618,0
24619,0
24620,0
24621,0
24622,0
24623,0
24624,1
24625,1
24626,0
24627,1
24628,1
24629,0
24630,0
24631,1
24632,1
24633,1
24634,0
24635,0
24636,1
24637,1
24638,0
24639,0
24640,0
24641,1
24642,0
24643,0
24644,1
24645,0
24646,0
24647,0
24648,1
24649,0
24650,0
24651,0
24652,1
24653,1
24654,1
24655,1
24656,0
24657,0
24658,0
24659,0
24660,1
24661,1
24662,1
24663,1
24664,1
24665,1
24666,1
24667,1
24668,1
24669,0
24670,0
24671,0
24672,0
24673,1
24674,0
24675,0
24676,0
24677,1
24678,1
24679,0
24680,1
24681,1
24682,0
24683,0
24684,0
24685,0
24686,1
24687,1
24688,1
24689,1
24690,0
24691,0
24692,1
24693,0
24694,0
24695,1
24696,1
24697,0
24698,0
24699,0
24700,1
24701,1
24702,0
24703,1
24704,0
24705,1
24706,1
24707,0
24708,0
24709,0
24710,1
24711,1
24712,0
24713,1
24714,0
24715,1
24716,1
24717,0
24718,1
24719,1
24720,0
24721,0
24722,0
24723,0
24724,0
24725,1
24726,0
24727,0
24728,0
24729,1
24730,0
24731,0
24732,1
24733,0
24734,0
24735,0
24736,0
24737,0
24738,1
24739,0
24740,1
24741,1
24742,1
24743,1
24744,0
24745,1
24746,1
24747,0
24748,1
24749,1
24750,1
24751,0
24752,0
24753,1
24754,1
24755,1
24756,0
24757,0
24758,0
24759,0
24760,1
24761,1
24762,0
24763,1
24764,1
24765,0
24766,0
24767,1
24768,1
24769,1
24770,0
24771,0
24772,0
24773,0
24774,0
24775,0
24776,1
24777,0
24778,1
24779,1
24780,1
24781,0
24782,0
24783,0
24784,1
24785,1
24786,1
24787,0
24788,0
24789,1
24790,0
24791,0
24792,1
24793,0
24794,1
24795,1
24796,0
24797,1
24798,0
24799,0
24800,0
24801,0
24802,1
24803,1
24804,0
24805,1
24806,1
24807,1
24808,1
24809,1
24810,1
24811,0
24812,0
24813,1
24814,1
24815,1
24816,1
24817,0
24818,0
24819,0
24820,1
24821,0
24822,0
24823,0
24824,1
24825,0
24826,0
24827,0
24828,0
24829,0
24830,1
24831,0
24832,0
24833,1
24834,0
24835,1
24836,1
24837,1
24838,0
24839,1
24840,0
24841,1
24842,0
24843,0
24844,1
24845,0
24846,1
24847,0
24848,1
24849,1
24850,1
24851,1
24852,1
24853,1
24854,1
24855,1
24856,1
24857,0
24858,0
24859,0
24860,0
24861,1
24862,0
24863,0
24864,0
24865,0
24866,0
24867,1
24868,1
24869,0
24870,1
24871,0
24872,0
24873,0
24874,0
24875,1
24876,1
24877,0
24878,1
24879,1
24880,0
24881,1
24882,1
24883,1
24884,0
24885,0
24886,0
24887,0
24888,0
24889,0
24890,0
24891,0
24892,1
24893,1
24894,1
24895,0
24896,0
24897,1
24898,1
24899,1
24900,0
24901,0
24902,1
24903,0
24904,1
24905,0
24906,0
24907,1
24908,0
24909,0
24910,1
24911,0
24912,0
24913,0
24914,0
24915,0
24916,1
24917,1
24918,1
24919,0
24920,1
24921,1
24922,0
24923,1
24924,0
24925,0
24926,0
24927,0
24928,1
24929,1
24930,1
24931,0
24932,1
24933,0
24934,1
24935,1
24936,0
24937,0
24938,1
24939,1
24940,0
24941,0
24942,0
24943,1
24944,0
24945,1
24946,1
24947,1
24948,1
24949,1
24950,0
24951,1
24952,0
24953,0
24954,1
24955,0
24956,0
24957,0
24958,0
24959,1
24960,1
24961,1
24962,0
24963,1
24964,1
24965,1
24966,0
24967,1
24968,1
24969,0
24970,1
24971,0
24972,1
24973,0
24974,1
24975,1
24976,0
24977,0
24978,0
24979,0
24980,0
24981,1
24982,0
24983,0
24984,0
24985,0
24986,0
24987,1
24988,1
24989,1
24990,0
24991,1
24992,1
24993,1
24994,1
24995,1
24996,0
24997,1
24998,1
24999,1
25000,1
